17.07692308
17.30769231
17.73076923
18.23076923
18.69230769
18.53846154
18.19230769
18.42307692
18.61538462
17.65384615
17.84615385
18.23076923
18.45803266
18.29771279
18.66666667
18.95353092
18.72063607
18.32142857
18.0021179
17.57935124
17.06896552
16.9451074
16.68351871
16.9
16.89256198
16.8852459
16.61788618
16.25806452
16.16
15.80952381
15.65354331
15.53125
14.23255814
12.89230769
12.33587786
13.39393939
14.12121212
14.54545455
14.33333333
13.93939394
13.57575758
13.51515152
13.51515152
13.54545455
13.75757576
13.72727273
13.84848485
13.75757576
13.86259542
13.93846154
14.23255814
14.53125
14.07874016
13.9047619
14.048
14.22580645
14.21138211
14.09836066
14.44628099
14.56666667
14.86666667
15.06666667
15.03333333
14.46666667
13.93333333
13.83333333
13.66666667
13.1
12.3
12.23333333
12
11.93333333
12.20770289
11.85658502
11.63302752
11.16597038
11.5656963
11.14285714
12.08651399
13.45390384
14.89655172
15.89054249
16.36546185
17.10526316
17.17758985
16.88794477
17.28
17.8361007
17.97631862
18.43243243
18.89250814
18.82160393
19.28767123
19.15244909
19.19247788
19.16666667
19.70280682
20.24004364
19.72972973
20.19282271
20.92405736
20.84210526
21.07459572
21.05535437
21.64102564
23.79257753
24.86132123
24.6
24.92682927
24.76190476
24.65116279
23.54545455
21.2
20.82608696
21.31914894
21.625
21.14285714
21.32
22
22.46153846
23.35849057
22.85185185
22.69090909
22.21428571
22.80701754
22.68965517
21.52542373
20.66666667
20.49180328
19.83870968
19.65079365
18.78125
18.5
18.09375
18.0625
18.0625
17.84375
17.75
18.75
19.3125
19.5
18.96875
18.15625
18.25
18.11097257
17.65620143
17.82945736
18.15651098
17.79765577
17.90769231
17.58747698
16.74318947
16.88549618
16.3874505
16.58566221
16.18181818
15.7782516
16.28405265
16.30769231
15.65109805
14.45446068
13.9375
14.01193842
14.9668456
14.57142857
14.1717204
13.95572666
14
13.93819855
14.64968153
14.97435897
15.24241367
15.38461538
15.63636364
16.56760773
17.8883403
18.05825243
19.54707986
21.31814483
21.66666667
21.82123374
22.39121251
22.08510638
21.94599228
21.66594735
22.82608696
23.34647394
23.68769299
24.48888889
25.30228392
26.11637348
25.63636364
25.07865169
24.62222222
24.92307692
25.2173913
25.37634409
24.38297872
23.53684211
22.70833333
22.18556701
21.2244898
21.41414141
21.08
21.38542086
21.40251317
20.73469388
20.96177559
21.39015308
20.875
21.56945027
22.17997465
22.89361702
22.93184741
22.61545101
22.34782609
22.86212914
23.21506789
22.81318681
22.84958094
23.56067316
24.04444444
23.63960749
24.04836543
24.71910112
24.35723951
24.23007246
24.18181818
24.45454545
24.18181818
24
24.5
25.54545455
25.36363636
25.18181818
24.59090909
24.18181818
23.09090909
21.40909091
20.90909091
22
22.27272727
21.86363636
22.59090909
22.5
22.04545455
21.68181818
22.40909091
24.22727273
24.22727273
23.86363636
24.59090909
24.8534055
24.72010748
24.8
24.56991619
24.3977223
24.08695652
23.91022874
24.08915559
23.31914894
23.61639206
23.37389845
22.95833333
23.29734219
22.79685561
21.89690722
21.82490752
19.81981982
18.81632653
17.00569569
16.53830563
17.65656566
18.12323802
18.33868379
17.64
17.51114714
18.00246609
18.79166667
19.30713984
18.85983712
18.86956522
18.74724305
19.7492163
20.36363636
20.02768805
20.34692921
20.47619048
20.40326452
20.27092404
20.43902439
21.4953271
22.85572633
23.5
23.80231972
24.35180478
24.71794872
24.57320228
23.94366197
22.73684211
22.56871036
23.63250133
23.36
23.67434387
23.68137783
23.35135135
21.93268187
20.78559738
21.97260274
22.56466703
24.22566372
23.44444444
23.44444444
23.22222222
23.27777778
22.55555556
22.66666667
23.72222222
24.77777778
26.38888889
27.66666667
26.77777778
25.83333333
26.38888889
26.85745735
26.56846699
25.13513514
24.47777183
25.8629846
26.63157895
26.49973918
27.26332126
26.97435897
26.18200305
26.82803833
28.25
30.27888446
31.28408528
31.60493827
31.87407772
30.41136141
29.6097561
30.51506317
31.15626512
30.69879518
30.4368699
30.87954111
28.66666667
28.04597701
27.6
26.92473118
26.41666667
24.4040404
22.98039216
22.32380952
22
20.9009009
21.0877193
22.15384615
22.9
23.43387471
23.90372568
24.62295082
26.54059341
25.07298086
27.41935484
25.44112929
25.6623045
25.3968254
24.97631828
25.38485705
24.84375
25.3117207
25.45850171
25.42635659
26.2295082
26.09500308
25.87692308
26.39656231
27.0278543
27.02290076
26.10417301
25.03037667
24.39393939
25.50497437
25.23252325
24.11940299
23.01752302
22.46526751
21.11764706
20.0468247
19.31255462
18.75362319
18.05595616
18.03043353
18.77142857
19.26737814
18.93387708
19.05882353
19.72081972
19.5019502
19.72727273
20.75298439
21.6826477
22.875
24.4711083
26.07724226
26.61290323
27.0452358
28.08809448
28.73015873
28.22860751
26.70436695
26.875
27.5722723
28.45654191
28.4
28.65013774
28.35820896
28.90909091
29.39249553
28.68012877
27.51079137
26.69119728
25.55679287
25.47945205
24.43365696
25.8295726
26.22222222
25.05794489
25.19025875
24.6
23.70443838
22.76862552
20.36585366
20.3000242
19.43844492
18.66666667
19.22986062
17.64705882
17.3255814
15.32425571
14.31188459
14.93181818
15.68582551
15.23194092
15.97674419
16.96742442
18.02504134
18.19047619
19.00647948
19.9854827
19.92682927
20.33439882
21.89437144
22.575
22.4646665
21.63757069
21.75609756
22.55020566
23.11015119
23.33333333
23.48216395
23.85751113
23.69767442
23.60950842
23.31119762
23.40909091
22.77966102
21.84269663
22.25698324
21.6
21.12707182
20
18.8852459
19.23913043
19.26486486
20.04301075
19.9144385
19.25531915
19.72340426
20.06382979
19.82978723
19.74468085
20.17021277
20.57446809
20.4893617
19.5106383
18.44680851
18.55319149
19.29787234
19.38297872
19.37128292
19.16472334
19.68253968
20.26199028
20.20244623
20.16842105
20.15552753
20.57898049
20.64921466
20.57286222
20.30467446
19.54166667
19.375
18.6875
18.33333333
18.3125
17.8125
16.91666667
17.14583333
17.60416667
17.77083333
17.20833333
16.77083333
16.75
17.62105263
18.04255319
17.89247312
17.65217391
17.95604396
18.06666667
17.25842697
17.45454545
17.65517241
17.86046512
18.07058824
17.5
17.7756654
17.50059284
17.91715976
19.22986062
18.74115983
18.91764706
18.81164866
19.56878369
20.25730994
21.34018212
22.04100652
22.04651163
21.16606171
20.36750055
19.82702703
19.16332136
19.14498141
18.90909091
18.24831949
17.99883878
18.3507109
18.53984767
18.59067735
17.5
16.76594254
15.5234657
15.71308017
15.19973479
14.42526864
14.464
13.82510223
13.19004175
12.34980989
11.49184498
10.36513545
9.855072464
10.60294118
11.08955224
11.03030303
11.09230769
11.625
11.82539683
12.11290323
12.42622951
12.56666667
13.3220339
13.89655172
13.85964912
13.85212635
13.98899343
14.5
15.07095384
16.21181999
16.74545455
17.39528078
16.32615498
16.68518519
17.64486678
17.23232702
16.83018868
16.71398826
15.3787735
16.51428571
16.43416778
15.44949205
15.23076923
15.2614316
14.70872847
15.2815534
15.35164621
14.6179402
13.35294118
14.0569395
14.07215467
13.82914573
14.00770322
14.55437449
13.50515464
13.58153078
13.53052234
13.98941799
14.30706812
15.20896165
15.89130435
15.72598018
15.92995943
16.38095238
17.22257185
17.74126456
17.42268041
17.39574816
17.8998581
18.21105528
18.45724537
17.3981811
17.21568627
17.39300371
18.07909605
18.31067961
17.61176698
16.72776384
16.03846154
15.44949205
15.47869291
15.52380952
15.24587051
15.65398448
16.13207547
16.60710927
16.63228952
16.26168224
15.83752562
15.73472042
15.98148148
16.6697434
17.19123873
16.97247706
16.70020121
17.5816159
18.47272727
19.09058102
19.11158875
18.47111111
18.14010941
18.58794674
18.7826087
19.16436464
19.28681639
19.59148936
20.09464256
20.57737496
20.76666667
20.82304527
20.60162602
18.97188755
18.22222222
18.13333333
18.7751938
19.34099617
19.87878788
19.95505618
19.28888889
19.32600733
19.55072464
19.2335295
19.42272146
19.53521127
19.82698479
20.32351721
20.39726027
20.65969866
21.56598951
22.58666667
22.0430818
22.35032097
22.67532468
22.56984679
22.11157922
23.10126582
24.35044559
24.89729864
23.48148148
23.46026693
24.02526418
25.5060241
25.81570455
27.34495435
27.23529412
28.90697674
28.72413793
28.89772727
28.40449438
28.51111111
28.73626374
30.95652174
32.3655914
33.29787234
29.46315789
21.4375
22.06185567
22.36299959
23.74189565
24.61696658
26.15843008
24.57400944
22.07179487
21.58229145
21.28596294
21.25831202
18.31748952
16.97303922
15.82653061
16.53046447
18.0425889
18.64893617
17.11449228
15.69035366
15.41111111
16.16104658
15.91663804
13.75581395
12.10582261
12.46849874
10.29268293
10.46262448
10.7343159
11.16216216
8.804149727
8.023882336
7.227272727
7.910942681
12.41140597
14.24137931
12.86824508
13.38522878
13.64
14.32323232
12.75510204
12.84536082
14.35416667
18.67368421
22.10638298
24.15053763
23.19565217
23.25274725
21.22222222
21.97752809
22.65909091
23.91107078
25.62825447
24.27118644
24.63343109
22.08464656
22.33707865
21.24270974
20.37161406
19.84357542
19.96430961
20.48085485
20.57777778
20.57777778
19.95555556
18.68888889
20.23879087
21.99249774
23
24.20454545
25.84090909
26.38636364
26.48888889
28.34782609
27.74468085
28.66666667
29.69387755
29.72
28.79998142
26.41876651
26.70909091
27.29824561
26.89830508
26.31147541
26.11854324
25.40489044
23.69444444
24.09589041
24.47297297
24.12
21.80769231
20.0617284
18.61904762
20.28978764
21.1008492
18.66233766
15.74358974
14.17721519
13.775
14.25630851
14.03389236
13.21794872
12.89999439
13.24779347
13.7972973
17.15888652
17.92717576
17.8030303
21.40983607
23.33928571
24.88235294
24.35066516
23.99998452
23.82692308
20.6942807
21.32277131
21.56603774
21.68518519
20.98181818
22.80357143
22.24137931
21.11666667
19.9516129
19.73263087
19.49998963
19.28571429
19.27224122
16.44560438
14.87692308
15.21319025
15.37689215
15.86567164
16.01492537
16.3880597
15.71641791
15.66832459
14.61575635
14.63235294
14.10732395
13.73300304
14.14492754
14.79808404
14.65549538
14.62857143
13.97630994
13.25942771
12.33802817
12.69668848
12.416262
11.85507246
11.52941176
11.8358209
12.62121212
13.36081786
13.56316503
14
15.27868852
15.78333333
16.13559322
17.10169492
18.11864407
18.76271186
19.38983051
20.15254237
20.50847458
20.81461844
19.67596666
19.98333333
19.69061861
18.67581391
18.81967213
19.32066267
19.08647617
19.51612903
19.07487651
19.30850037
20.11111111
20.52632659
20.12040831
19.6875
20.171875
20.03125
20.46875
20.96892278
21.55668992
21.43076923
21.96923077
22.8
23.21538462
22.62246052
22.58374488
24
25
25.81818182
26.25757576
27.02998649
26.83664695
25.77941176
27.44117647
27.5
27.32352941
26.41464703
25.77668652
21.86956522
21.17223867
20.88626582
21.30985915
21.32243987
22.04650137
21.05555556
19.90909996
19.20534857
19.52631579
20.48051948
19.82051282
19.06329114
19.15288465
18.54656621
17.89285714
17.58498719
16.65353675
16.82352941
18.11764706
19
19.78823529
19.16730772
18.46332759
18.11494253
18.19101124
16.8021978
16.33333333
16.2253464
15.33218524
15.21428571
14.98993792
14.68207059
13.69607843
14.3765767
14.79682193
14.89423077
14.8043938
14.55718507
14.50877193
14.67826087
14.8362069
14.82905983
15.11864407
15.49579832
15.61666667
13.97858975
14.32379709
14.34586466
14.4333791
13.93211694
13.43537415
14.26678416
14.63417879
14.23026316
14.29568325
14.17884875
13.81410256
14.17884875
14.92829332
15.44736842
15.74835
15.69812051
16.60283688
17.1156064
16.76466644
16.76760563
16.6013986
16.47916667
16.8137931
17.29655172
17.36551724
17.08965517
16.88627173
17.58552128
18.46808511
18.56737589
18.34042553
18.43262411
17.4835318
17.53407639
16.86619718
17.1056338
17.17605634
16.38732394
16.76223776
17.01388889
17.12413793
17.47822087
17.78136169
18.07482993
18.88159199
19.723067
19.97241379
20.68416319
21.00004784
21.39455782
21.54915524
22.04830319
22.70779221
23.01719177
23.68460018
23.3974359
24.15356962
23.99994894
25.33757962
26.90540566
26.46367248
27.37037037
25.88724203
27.52046433
27.66463415
26.43712575
26.13529412
27.45086705
27.40499507
26.1950728
25.70555556
26.90078474
26.545572
25.45652174
25.59404872
25.80455978
26.68965517
26.15925881
25.07889438
25.45086705
26.04046243
27.04046243
27.48554913
27.87931034
26.19428571
24.98863636
23.29943503
22.66853933
22.53072626
23.05798702
23.22322097
23.79096045
24.10242106
25.06696954
25.86705202
26.57803468
27.57225434
28.30057803
29.33775559
30.11478033
30.56571429
31.66217901
31.06055021
31.72881356
32.13877648
32.50099533
32.10055866
33.25040213
32.93906273
31.51933702
31.37608922
31.38762594
32.27322404
31.08744449
29.30653118
28.36082474
28.67757921
28.36638978
29.36410256
28.63589744
28.97948718
28.10769231
27.55384615
28.44615385
29.12820513
30.67802966
31.99147854
33.05154639
33.93298969
34.27835052
33.82474227
33.61638079
34.70483738
34.31632653
34.34343434
35.54
35.51485149
34.08053605
34.53448284
34.45588235
33.24913152
30.67699785
27.00485437
27.56608457
28.22512576
27.88461538
26.79010049
28.41013945
29.4084507
30.44925047
30.75587987
30.54418605
31.73533579
32.12523989
31.86818182
31.34800507
32.16611455
32.9638009
32.70004881
32.18015926
32.53070175
33.28732469
33.45393869
33.81974249
34.06529252
34.15519627
33.71428571
34.675
33.88429752
34.18442623
34.49186992
34.4516129
33.584
34.21982223
34.24346611
34.05098039
34.22957198
34.47104247
32.58237548
32.32610111
32.7200917
33.60150376
34.10074627
34.12962963
33.72426471
34.05839416
33.58333333
31.97122302
32.75323867
30.84600811
30.40989399
30.11929825
28.1010453
26.92387543
26.75031994
28.15408093
28.33797909
29.32291667
30.2283737
30.83448276
31.36551724
31.92758621
31.52758621
31.99881652
32.43367555
32.81164384
32.76027397
31.73287671
32.6369863
32.43686007
30.86734694
30.2
32.28462574
32.87902253
33.61204013
33.39626348
32.522616
33.43234323
34.1073758
34.48196894
34.69055375
33.11688312
32.84789644
32.03225806
32.57234727
33.52564103
31.67412141
30.19444188
29.96185574
30.0031746
30.29178678
30.47832051
28.83227848
28.54902903
27.52418155
27.96529968
27.08511248
23.94331171
23.77044025
23.78641234
24.45185727
25.88714734
26.5872128
26.69902144
28.67834395
29.86900958
31.125
32.02572347
33.15447086
32.7390255
32.16774194
31.96982565
31.4353787
32.16828479
31.55354763
30.15598033
32.3029316
33.64820847
34.26710098
35.08143322
35.43973941
35.08143322
35.17915309
34.88073197
36.07796741
35.51948052
35.31690152
36.81232749
37.3015873
37.50788014
36.10119716
35.45741325
34.61293451
33.4651753
32.54658385
32.6879169
31.9057704
32.29357798
33.20561169
30.50850499
28.04142012
28.26764706
27.3245614
28.3255814
26.72254335
25.76724138
25.65428571
22.4674221
21.35674157
18.97493036
19.32469325
19.94622804
18.63055556
20.02577739
21.965245
22.82833787
23.00092579
24.37328731
24.90566038
24.92991914
23.10242588
22.82210243
23.93783784
24.40921409
24.10326087
26.29685638
27.28749793
27.39837398
27.44167634
27.08293748
27.07446809
27.49340369
27.04188482
27.4025974
26.01699913
25.405879
25.85185185
25.33765229
24.37652806
24.00954654
23.32415752
22.94966921
22.77293578
22.73825814
21.94986673
21.38444444
20.57204055
20.43643095
20.08993576
19.14782118
18.70636391
18.50416667
19.16814668
19.98838576
19.89002037
19.64756088
20.84951227
20.69721116
19.97351425
18.7420968
18.9566075
19.50001271
19.04911503
19.25
19.45996222
18.84069197
19.04494382
19.03025384
19.69438857
19.70961887
18.80622747
18.50685218
19.07964602
19.45614035
20.05217391
18.05172414
17.61686567
18.27489721
19.29292929
20.02229528
20.4922453
20.84019769
21.3442623
22.137031
21.67207792
21.4516129
20.57692308
21.21019108
21.27703363
20.72928685
20.70422535
20.06736791
20.01028306
18.14417178
18.27147012
18.64004987
18.67269985
17.61261261
17.11509716
16.48809524
17.22962963
17.16814159
16.10866373
16.03322718
16.04582348
17.86861314
19.35341791
20.12142794
20.29112082
20.96369054
21.28563495
21.98263386
22.78901734
23.67965368
23.97694524
23.99425287
23.26647564
23.88571429
23.85490754
23.39943343
23.18758815
23.37078652
22
21.92200557
21.81819189
21.55044883
20.94391245
20.60455482
22.34706736
22.50677507
22.18034993
22.23262032
21.84594954
22.65846068
23.75053665
23.42036554
23.49521965
23.97148832
24.40568475
24.76416156
24.12039961
23.48214286
23.68956743
25.06345178
26.24050633
26.22166247
27.49373434
28.96508728
29.57745254
29.54171327
30.28395062
29.49653275
29.92669791
28.95504253
28.78737721
29.66116566
30.02415459
31.86746988
33.76201923
35.07194245
34.44047619
34.17257683
35.37558685
36.19842949
38.24304886
36.80138568
32.16991963
27.96803653
27.35527809
28.28376805
28.9891535
29.68715084
29.03797606
28.02990586
29.32827736
28.91474609
28.10302952
28.32980973
29.04712042
28.1120332
28.41726619
29.08289031
29.70696204
29.32865731
29.97015872
30.79473772
31.42718447
31.84212294
32.8633601
32.54920337
32.17649837
31.14443437
31.54751131
30.51795332
29.42564559
29.89929329
29.56971854
30.31601361
30.88174807
30.70173195
28.06938633
26.63935811
25.75062675
26.24507837
27.16942149
26.8851132
29.90597112
30.71617162
31.30090684
31.13591433
31.13497942
31.18351882
31.82230503
31.53094463
31.57353529
31.56370893
31.84508197
33.99346405
33.59609121
33.06493506
33.06899351
33.66964286
33.1387987
33.62552964
33.79478762
33.7756255
33.30184795
34.14598693
35.18901454
35.06158717
35.48731792
36.07051282
35.46540946
35.60091791
35.78753994
35.72603834
36.27236422
36.68051118
36.99362041
36.85429936
37.03895072
37.46959987
37.22990203
36.49173879
35.06778638
35.23564669
35.4228972
35.07381507
35.9875969
36.11446249
35.64122859
35.20047035
34.53641882
35.29969651
36.56449165
37.41654021
38.35222339
39.36438035
40.34031414
41.47098214
41.38490007
42.61929308
42.7047619
43.40597668
44.56635243
44.2241944
46.406653
45.89148936
45.71474991
46.52191961
46.84653118
44.72708333
45.60770819
46.03547067
47.58887381
49.64035088
49.88255034
51.24086322
53.20223633
52.6002656
50.61384853
55.07414043
57.80277045
60.80753383
60.70986624
61.12328767
61.81702379
60.79788646
62.0883871
61.95241158
65.62435897
68.80702875
70.61587302
69.9318612
69.49153605
72.21087989
66.81588977
63.19752322
63.86399203
70.7167265
73.45987654
76.69007166
76.1657841
77.91246201
81.53695785
81.77225292
81.5885256
84.75797872
81.05984124
80.08323208
78.94797571
84.43949818
86.69174757
86.01709574
83.3322
86.05071599
87.29749104
84.83732057
87.54251497
88.84197829
90.24665857
89.84394125
85.19754852
84.57692308
81.80270436
82.59925788
81.25388923
74.25485285
74.94268318
80.48806758
78.94901211
76.6839983
74.95230019
66.36848793
68.39834816
71.77128335
72.74015248
72.45562381
69.95783898
73.34965035
70.24194567
67.74952919
63.25764192
56.65141066
57.5015753
54.95946802
53.80671563
56.95368245
55.95395146
55.57320099
51.76437848
52.19667078
54.92882123
57.82289951
61.10080396
60.85469037
60.15379939
61.4490657
61.62131699
61.3139965
62.14146061
64.34772727
64.19764177
62.37402886
62.22693997
59.91198841
60.90107527
58.86355571
57.39318342
58.33298539
58.02683518
60.42074431
61.6877572
59.95990526
60.08163606
59.06574394
56.90324157
56.93090675
57.44147157
57.88948532
57.48646111
57.0726257
54.86161399
56.3123483
56.79882988
57.06068719
56.48893805
56.76788065
56.59968125
55.54801206
53.46288396
53.26458157
53.90075377
54.6780083
55.9679803
56.40292445
56.93006431
56.77714286
57.136831
55.19615536
56.91406351
58.24771939
57.85976309
57.52275879
54.47334914
55.5105673
56.55663034
53.25937159
53.34367111
49.38252149
48.19886162
46.53498233
48.19376392
49.10942604
46.71717172
43.72307871
44.49033677
42.18197574
33.76001859
30.93682121
30.91088411
30.90253481
29.14332248
27.78458716
31.76988388
34.51778656
36.19069949
37.39291422
41.27524186
43.70502092
45.61999715
47.50014552
49.54841589
50.51311254
49.33534652
52.58101324
54.53932584
51.14684043
49.15426497
48.75677303
48.85919712
50.18246869
52.10882135
53.03258626
54.62076551
55.85513137
56.95301049
55.67605634
56.10294944
55.67785328
52.88783895
53.82575142
47.60281124
46.61953932
47.16317229
47.14582266
47.04199773
48.64405934
50.01195612
50.79488117
50.09985546
47.90820336
46.73305085
47.30766555
48.11828571
48.78066914
47.69943603
45.42871104
45.51328
46.9421837
47.52204881
48.29741514
48.33418812
49.86842372
48.65554554
49.59421438
49.08660723
49.04563953
49.71663937
51.26096953
51.66561875
51.47424913
50.73168916
51.43582666
50.91751639
51.07946662
52.08908507
